0 inf
0.01 inf
0.02 inf
0.03 inf
0.04 inf
0.05 inf
0.06 inf
0.07 inf
0.08 inf
0.09 inf
0.1 inf
0.11 inf
0.12 inf
0.13 inf
0.14 inf
0.15 inf
0.16 inf
0.17 inf
0.18 inf
0.19 inf
0.2 inf
0.21 inf
0.22 inf
0.23 inf
0.24 inf
0.25 inf
0.26 inf
0.27 inf
0.28 inf
0.29 inf
0.3 inf
0.31 inf
0.32 inf
0.33 inf
0.34 inf
0.35 inf
0.36 inf
0.37 inf
0.38 inf
0.39 inf
0.4 inf
0.41 inf
0.42 inf
0.43 inf
0.44 inf
0.45 inf
0.46 inf
0.47 inf
0.48 inf
0.49 inf
0.5 inf
0.51 inf
0.52 inf
0.53 inf
0.54 inf
0.55 inf
0.56 inf
0.57 inf
0.58 inf
0.59 inf
0.6 inf
0.61 inf
0.62 inf
0.63 inf
0.64 inf
0.65 inf
0.66 inf
0.67 inf
0.68 inf
0.69 inf
0.7 inf
0.71 inf
0.72 inf
0.73 inf
0.74 inf
0.75 inf
0.76 inf
0.77 inf
0.78 inf
0.79 inf
0.8 inf
0.81 inf
0.82 inf
0.83 inf
0.84 inf
0.85 inf
0.86 inf
0.87 inf
0.88 inf
0.89 inf
0.9 inf
0.91 inf
0.92 inf
0.93 inf
0.94 inf
0.95 inf
0.96 inf
0.97 inf
0.98 inf
0.99 inf
1 inf
1.01 inf
1.02 inf
1.03 inf
1.04 inf
1.05 inf
1.06 inf
1.07 inf
1.08 592.199
1.09 583.273
1.1 574.64
1.11 566.125
1.12 557.729
1.13 549.449
1.14 541.283
1.15 533.229
1.16 525.286
1.17 517.451
1.18 509.722
1.19 502.098
1.2 494.577
1.21 487.158
1.22 479.838
1.23 472.615
1.24 465.49
1.25 458.459
1.26 451.521
1.27 444.675
1.28 437.92
1.29 431.254
1.3 424.675
1.31 418.183
1.32 411.775
1.33 405.451
1.34 399.21
1.35 393.05
1.36 386.969
1.37 380.968
1.38 375.044
1.39 369.197
1.4 363.426
1.41 357.728
1.42 352.104
1.43 346.553
1.44 341.072
1.45 335.662
1.46 330.322
1.47 325.05
1.48 319.845
1.49 314.707
1.5 309.634
1.51 304.626
1.52 299.682
1.53 294.802
1.54 289.983
1.55 285.226
1.56 280.53
1.57 275.894
1.58 271.317
1.59 266.798
1.6 262.337
1.61 257.933
1.62 253.585
1.63 249.292
1.64 245.055
1.65 240.872
1.66 236.742
1.67 232.665
1.68 228.641
1.69 224.668
1.7 220.746
1.71 216.875
1.72 213.053
1.73 209.281
1.74 205.558
1.75 201.882
1.76 198.255
1.77 194.674
1.78 191.14
1.79 187.652
1.8 184.209
1.81 180.812
1.82 177.458
1.83 174.149
1.84 170.884
1.85 167.661
1.86 164.482
1.87 161.344
1.88 158.248
1.89 155.193
1.9 152.179
1.91 149.206
1.92 146.272
1.93 143.378
1.94 140.523
1.95 137.707
1.96 134.929
1.97 132.189
1.98 129.487
1.99 126.822
2 124.194
2.01 121.602
2.02 119.046
2.03 116.526
2.04 114.041
2.05 111.592
2.06 109.177
2.07 106.796
2.08 104.45
2.09 102.137
2.1 99.8575
2.11 97.6111
2.12 95.3975
2.13 93.2163
2.14 91.0672
2.15 88.95
2.16 86.8643
2.17 84.8099
2.18 82.7864
2.19 80.7937
2.2 78.8313
2.21 76.899
2.22 74.9966
2.23 73.1238
2.24 71.2803
2.25 69.4659
2.26 67.6802
2.27 65.9231
2.28 64.1943
2.29 62.4936
2.3 60.8206
2.31 59.1752
2.32 57.5572
2.33 55.9662
2.34 54.4021
2.35 52.8646
2.36 51.3535
2.37 49.8686
2.38 48.4096
2.39 46.9764
2.4 45.5687
2.41 44.1863
2.42 42.829
2.43 41.4967
2.44 40.189
2.45 38.9058
2.46 37.6469
2.47 36.4121
2.48 35.2011
2.49 34.0139
2.5 32.8502
2.51 31.7099
2.52 30.5926
2.53 29.4984
2.54 28.4269
2.55 27.378
2.56 26.3515
2.57 25.3473
2.58 24.3652
2.59 23.4049
2.6 22.4664
2.61 21.5495
2.62 20.654
2.63 19.7797
2.64 18.9265
2.65 18.0942
2.66 17.2826
2.67 16.4917
2.68 15.7212
2.69 14.9711
2.7 14.241
2.71 13.531
2.72 12.8408
2.73 12.1704
2.74 11.5195
2.75 10.888
2.76 10.2758
2.77 9.68272
2.78 9.10866
2.79 8.55347
2.8 8.017
2.81 7.49914
2.82 6.99974
2.83 6.51867
2.84 6.05581
2.85 5.61102
2.86 5.18419
2.87 4.77518
2.88 4.38387
2.89 4.01013
2.9 3.65386
2.91 3.31492
2.92 2.9932
2.93 2.68858
2.94 2.40095
2.95 2.13018
2.96 1.87616
2.97 1.63879
2.98 1.41794
2.99 1.21352
3 1.0254
3.01 0.85348
3.02 0.697655
3.03 0.557816
3.04 0.433858
3.05 0.325676
3.06 0.233168
3.07 0.15623
3.08 0.0947627
3.09 0.0486645
3.1 0.0178365
3.11 0.00218029
3.12 0.00159842
3.13 0.0159944
3.14 0.0452728
3.15 0.0893388
3.16 0.148099
3.17 0.22146
3.18 0.30933
3.19 0.411618
3.2 0.528234
3.21 0.659089
3.22 0.804093
3.23 0.963159
3.24 1.1362
3.25 1.32313
3.26 1.52386
3.27 1.73832
3.28 1.96641
3.29 2.20805
3.3 2.46316
3.31 2.73165
3.32 3.01346
3.33 3.3085
3.34 3.61668
3.35 3.93793
3.36 4.27218
3.37 4.61933
3.38 4.97933
3.39 5.35209
3.4 5.73754
3.41 6.13559
3.42 6.54619
3.43 6.96925
3.44 7.40471
3.45 7.85249
3.46 8.31251
3.47 8.78472
3.48 9.26903
3.49 9.76538
3.5 10.2737
3.51 10.7939
3.52 11.326
3.53 11.8698
3.54 12.4253
3.55 12.9925
3.56 13.5712
3.57 14.1615
3.58 14.7632
3.59 15.3762
3.6 16.0006
3.61 16.6362
3.62 17.283
3.63 17.9409
3.64 18.6099
3.65 19.2899
3.66 19.9808
3.67 20.6827
3.68 21.3953
3.69 22.1187
3.7 22.8529
3.71 23.5976
3.72 24.353
3.73 25.1189
3.74 25.8953
3.75 26.6821
3.76 27.4793
3.77 28.2868
3.78 29.1045
3.79 29.9325
3.8 30.7706
3.81 31.6188
3.82 32.477
3.83 33.3452
3.84 34.2234
3.85 35.1115
3.86 36.0094
3.87 36.917
3.88 37.8345
3.89 38.7616
3.9 39.6983
3.91 40.6446
3.92 41.6005
3.93 42.5658
3.94 43.5406
3.95 44.5248
3.96 45.5183
3.97 46.5211
3.98 47.5332
3.99 48.5545
4 49.5849
4.01 50.6245
4.02 51.6731
4.03 52.7307
4.04 53.7974
4.05 54.8729
4.06 55.9573
4.07 57.0506
4.08 58.1527
4.09 59.2635
4.1 60.3831
4.11 61.5113
4.12 62.6482
4.13 63.7937
4.14 64.9477
4.15 66.1102
4.16 67.2811
4.17 68.4605
4.18 69.6483
4.19 70.8444
4.2 72.0489
4.21 73.2616
4.22 74.4825
4.23 75.7116
4.24 76.9489
4.25 78.1942
4.26 79.4477
4.27 80.7092
4.28 81.9786
4.29 83.2561
4.3 84.5414
4.31 85.8347
4.32 87.1357
4.33 88.4446
4.34 89.7613
4.35 91.0857
4.36 92.4179
4.37 93.7576
4.38 95.1051
4.39 96.4601
4.4 97.8227
4.41 99.1928
4.42 100.57
4.43 101.956
4.44 103.348
4.45 104.748
4.46 106.155
4.47 107.57
4.48 108.992
4.49 110.421
4.5 111.857
4.51 113.301
4.52 114.752
4.53 116.21
4.54 117.675
4.55 119.147
4.56 120.626
4.57 122.112
4.58 123.605
4.59 125.105
4.6 126.612
4.61 128.126
4.62 129.647
4.63 131.174
4.64 132.709
4.65 134.25
4.66 135.798
4.67 137.352
4.68 138.913
4.69 140.481
4.7 142.056
4.71 143.637
4.72 145.225
4.73 146.819
4.74 148.42
4.75 150.027
4.76 151.641
4.77 153.261
4.78 154.888
4.79 156.521
4.8 158.16
4.81 159.806
4.82 161.458
4.83 163.116
4.84 164.78
4.85 166.451
4.86 168.128
4.87 169.811
4.88 171.5
4.89 173.196
4.9 174.897
4.91 176.605
4.92 178.318
4.93 180.038
4.94 181.763
4.95 183.495
4.96 185.233
4.97 186.976
4.98 188.725
4.99 190.481
5 192.242
5.01 194.009
5.02 195.781
5.03 197.56
5.04 199.344
5.05 201.134
5.06 202.93
5.07 204.731
5.08 206.538
5.09 208.351
5.1 210.169
5.11 211.993
5.12 213.823
5.13 215.658
5.14 217.499
5.15 219.345
5.16 221.197
5.17 223.054
5.18 224.916
5.19 226.784
5.2 228.658
5.21 230.537
5.22 232.421
5.23 234.31
5.24 236.205
5.25 238.106
5.26 240.011
5.27 241.922
5.28 243.838
5.29 245.759
5.3 247.686
5.31 249.617
5.32 251.554
5.33 253.496
5.34 255.443
5.35 257.395
5.36 259.353
5.37 261.315
5.38 263.282
5.39 265.255
5.4 267.232
5.41 269.215
5.42 271.202
5.43 273.195
5.44 275.192
5.45 277.195
5.46 279.202
5.47 281.214
5.48 283.231
5.49 285.253
5.5 287.279
5.51 289.311
5.52 291.347
5.53 293.388
5.54 295.434
5.55 297.485
5.56 299.54
5.57 301.6
5.58 303.665
5.59 305.734
5.6 307.808
5.61 309.887
5.62 311.971
5.63 314.059
5.64 316.151
5.65 318.248
5.66 320.35
5.67 322.456
5.68 324.567
5.69 326.683
5.7 328.802
5.71 330.927
5.72 333.056
5.73 335.189
5.74 337.327
5.75 339.469
5.76 341.615
5.77 343.766
5.78 345.922
5.79 348.081
5.8 350.245
5.81 352.414
5.82 354.586
5.83 356.763
5.84 358.945
5.85 361.13
5.86 363.32
5.87 365.514
5.88 367.712
5.89 369.915
5.9 372.122
5.91 374.332
5.92 376.548
5.93 378.767
5.94 380.99
5.95 383.218
5.96 385.449
5.97 387.685
5.98 389.925
5.99 392.169
6 394.417
