0 inf
0.01 inf
0.02 inf
0.03 inf
0.04 inf
0.05 inf
0.06 inf
0.07 inf
0.08 inf
0.09 inf
0.1 inf
0.11 inf
0.12 inf
0.13 inf
0.14 inf
0.15 inf
0.16 inf
0.17 inf
0.18 inf
0.19 inf
0.2 inf
0.21 inf
0.22 inf
0.23 inf
0.24 inf
0.25 inf
0.26 inf
0.27 inf
0.28 inf
0.29 inf
0.3 inf
0.31 inf
0.32 inf
0.33 inf
0.34 inf
0.35 inf
0.36 inf
0.37 inf
0.38 inf
0.39 inf
0.4 inf
0.41 inf
0.42 inf
0.43 inf
0.44 inf
0.45 inf
0.46 inf
0.47 inf
0.48 inf
0.49 inf
0.5 inf
0.51 inf
0.52 inf
0.53 inf
0.54 inf
0.55 inf
0.56 inf
0.57 inf
0.58 inf
0.59 inf
0.6 inf
0.61 inf
0.62 inf
0.63 inf
0.64 inf
0.65 inf
0.66 inf
0.67 inf
0.68 inf
0.69 inf
0.7 inf
0.71 inf
0.72 inf
0.73 inf
0.74 inf
0.75 inf
0.76 inf
0.77 inf
0.78 inf
0.79 inf
0.8 inf
0.81 inf
0.82 inf
0.83 inf
0.84 inf
0.85 inf
0.86 inf
0.87 inf
0.88 inf
0.89 inf
0.9 inf
0.91 inf
0.92 inf
0.93 inf
0.94 inf
0.95 inf
0.96 inf
0.97 inf
0.98 inf
0.99 inf
1 inf
1.01 inf
1.02 inf
1.03 inf
1.04 inf
1.05 inf
1.06 inf
1.07 inf
1.08 826.142
1.09 817.216
1.1 808.582
1.11 800.068
1.12 791.671
1.13 783.391
1.14 775.225
1.15 767.172
1.16 759.228
1.17 751.393
1.18 743.664
1.19 736.041
1.2 728.52
1.21 721.1
1.22 713.78
1.23 706.558
1.24 699.432
1.25 692.401
1.26 685.464
1.27 678.618
1.28 671.863
1.29 665.196
1.3 658.617
1.31 652.125
1.32 645.717
1.33 639.394
1.34 633.152
1.35 626.992
1.36 620.912
1.37 614.91
1.38 608.987
1.39 603.14
1.4 597.368
1.41 591.671
1.42 586.047
1.43 580.495
1.44 575.015
1.45 569.605
1.46 564.264
1.47 558.992
1.48 553.787
1.49 548.649
1.5 543.576
1.51 538.569
1.52 533.625
1.53 528.744
1.54 523.926
1.55 519.169
1.56 514.473
1.57 509.836
1.58 505.259
1.59 500.74
1.6 496.279
1.61 491.875
1.62 487.527
1.63 483.235
1.64 478.997
1.65 474.814
1.66 470.684
1.67 466.608
1.68 462.583
1.69 458.61
1.7 454.689
1.71 450.817
1.72 446.996
1.73 443.224
1.74 439.5
1.75 435.825
1.76 432.197
1.77 428.616
1.78 425.082
1.79 421.594
1.8 418.152
1.81 414.754
1.82 411.401
1.83 408.092
1.84 404.826
1.85 401.604
1.86 398.424
1.87 395.286
1.88 392.19
1.89 389.136
1.9 386.122
1.91 383.148
1.92 380.214
1.93 377.32
1.94 374.465
1.95 371.649
1.96 368.871
1.97 366.132
1.98 363.429
1.99 360.764
2 358.136
2.01 355.544
2.02 352.988
2.03 350.468
2.04 347.984
2.05 345.534
2.06 343.119
2.07 340.739
2.08 338.392
2.09 336.079
2.1 333.8
2.11 331.553
2.12 329.34
2.13 327.159
2.14 325.01
2.15 322.892
2.16 320.807
2.17 318.752
2.18 316.729
2.19 314.736
2.2 312.774
2.21 310.841
2.22 308.939
2.23 307.066
2.24 305.223
2.25 303.408
2.26 301.623
2.27 299.866
2.28 298.137
2.29 296.436
2.3 294.763
2.31 293.118
2.32 291.5
2.33 289.909
2.34 288.344
2.35 286.807
2.36 285.296
2.37 283.811
2.38 282.352
2.39 280.919
2.4 279.511
2.41 278.129
2.42 276.771
2.43 275.439
2.44 274.131
2.45 272.848
2.46 271.589
2.47 270.354
2.48 269.144
2.49 267.956
2.5 266.793
2.51 265.652
2.52 264.535
2.53 263.441
2.54 262.369
2.55 261.32
2.56 260.294
2.57 259.29
2.58 258.308
2.59 257.347
2.6 256.409
2.61 255.492
2.62 254.596
2.63 253.722
2.64 252.869
2.65 252.037
2.66 251.225
2.67 250.434
2.68 249.664
2.69 248.913
2.7 248.183
2.71 247.473
2.72 246.783
2.73 246.113
2.74 245.462
2.75 244.83
2.76 244.218
2.77 243.625
2.78 243.051
2.79 242.496
2.8 241.959
2.81 241.442
2.82 240.942
2.83 240.461
2.84 239.998
2.85 239.553
2.86 239.127
2.87 238.718
2.88 238.326
2.89 237.953
2.9 237.596
2.91 237.257
2.92 236.936
2.93 236.631
2.94 236.343
2.95 236.073
2.96 235.819
2.97 235.581
2.98 235.36
2.99 235.156
3 234.968
3.01 234.796
3.02 234.64
3.03 234.5
3.04 234.376
3.05 234.268
3.06 234.176
3.07 234.099
3.08 234.037
3.09 233.991
3.1 233.96
3.11 233.945
3.12 233.944
3.13 233.958
3.14 233.988
3.15 234.032
3.16 234.091
3.17 234.164
3.18 234.252
3.19 234.354
3.2 234.471
3.21 234.601
3.22 234.746
3.23 234.906
3.24 235.079
3.25 235.266
3.26 235.466
3.27 235.681
3.28 235.909
3.29 236.15
3.3 236.406
3.31 236.674
3.32 236.956
3.33 237.251
3.34 237.559
3.35 237.88
3.36 238.215
3.37 238.562
3.38 238.922
3.39 239.294
3.4 239.68
3.41 240.078
3.42 240.489
3.43 240.912
3.44 241.347
3.45 241.795
3.46 242.255
3.47 242.727
3.48 243.211
3.49 243.708
3.5 244.216
3.51 244.736
3.52 245.268
3.53 245.812
3.54 246.368
3.55 246.935
3.56 247.514
3.57 248.104
3.58 248.706
3.59 249.319
3.6 249.943
3.61 250.579
3.62 251.225
3.63 251.883
3.64 252.552
3.65 253.232
3.66 253.923
3.67 254.625
3.68 255.338
3.69 256.061
3.7 256.795
3.71 257.54
3.72 258.295
3.73 259.061
3.74 259.838
3.75 260.625
3.76 261.422
3.77 262.229
3.78 263.047
3.79 263.875
3.8 264.713
3.81 265.561
3.82 266.419
3.83 267.288
3.84 268.166
3.85 269.054
3.86 269.952
3.87 270.859
3.88 271.777
3.89 272.704
3.9 273.641
3.91 274.587
3.92 275.543
3.93 276.508
3.94 277.483
3.95 278.467
3.96 279.461
3.97 280.464
3.98 281.476
3.99 282.497
4 283.527
4.01 284.567
4.02 285.616
4.03 286.673
4.04 287.74
4.05 288.815
4.06 289.9
4.07 290.993
4.08 292.095
4.09 293.206
4.1 294.326
4.11 295.454
4.12 296.591
4.13 297.736
4.14 298.89
4.15 300.053
4.16 301.224
4.17 302.403
4.18 303.591
4.19 304.787
4.2 305.991
4.21 307.204
4.22 308.425
4.23 309.654
4.24 310.891
4.25 312.137
4.26 313.39
4.27 314.652
4.28 315.921
4.29 317.198
4.3 318.484
4.31 319.777
4.32 321.078
4.33 322.387
4.34 323.704
4.35 325.028
4.36 326.36
4.37 327.7
4.38 329.047
4.39 330.403
4.4 331.765
4.41 333.135
4.42 334.513
4.43 335.898
4.44 337.29
4.45 338.69
4.46 340.098
4.47 341.512
4.48 342.934
4.49 344.363
4.5 345.8
4.51 347.243
4.52 348.694
4.53 350.152
4.54 351.617
4.55 353.089
4.56 354.568
4.57 356.054
4.58 357.547
4.59 359.047
4.6 360.554
4.61 362.068
4.62 363.589
4.63 365.117
4.64 366.651
4.65 368.192
4.66 369.74
4.67 371.295
4.68 372.856
4.69 374.424
4.7 375.998
4.71 377.58
4.72 379.167
4.73 380.762
4.74 382.362
4.75 383.97
4.76 385.583
4.77 387.204
4.78 388.83
4.79 390.463
4.8 392.103
4.81 393.748
4.82 395.4
4.83 397.058
4.84 398.723
4.85 400.394
4.86 402.07
4.87 403.754
4.88 405.443
4.89 407.138
4.9 408.84
4.91 410.547
4.92 412.261
4.93 413.98
4.94 415.706
4.95 417.437
4.96 419.175
4.97 420.918
4.98 422.668
4.99 424.423
5 426.184
5.01 427.951
5.02 429.724
5.03 431.502
5.04 433.286
5.05 435.076
5.06 436.872
5.07 438.674
5.08 440.481
5.09 442.293
5.1 444.112
5.11 445.936
5.12 447.765
5.13 449.6
5.14 451.441
5.15 453.287
5.16 455.139
5.17 456.996
5.18 458.859
5.19 460.727
5.2 462.6
5.21 464.479
5.22 466.363
5.23 468.253
5.24 470.148
5.25 472.048
5.26 473.953
5.27 475.864
5.28 477.78
5.29 479.702
5.3 481.628
5.31 483.56
5.32 485.496
5.33 487.438
5.34 489.386
5.35 491.338
5.36 493.295
5.37 495.257
5.38 497.225
5.39 499.197
5.4 501.175
5.41 503.157
5.42 505.145
5.43 507.137
5.44 509.135
5.45 511.137
5.46 513.144
5.47 515.156
5.48 517.173
5.49 519.195
5.5 521.222
5.51 523.253
5.52 525.29
5.53 527.331
5.54 529.377
5.55 531.427
5.56 533.482
5.57 535.543
5.58 537.607
5.59 539.677
5.6 541.751
5.61 543.83
5.62 545.913
5.63 548.001
5.64 550.094
5.65 552.191
5.66 554.292
5.67 556.399
5.68 558.51
5.69 560.625
5.7 562.745
5.71 564.869
5.72 566.998
5.73 569.131
5.74 571.269
5.75 573.411
5.76 575.558
5.77 577.709
5.78 579.864
5.79 582.024
5.8 584.188
5.81 586.356
5.82 588.529
5.83 590.706
5.84 592.887
5.85 595.073
5.86 597.262
5.87 599.456
5.88 601.655
5.89 603.857
5.9 606.064
5.91 608.275
5.92 610.49
5.93 612.709
5.94 614.933
5.95 617.16
5.96 619.392
5.97 621.627
5.98 623.867
5.99 626.111
6 628.359
