0 0
0.01 0
0.02 0
0.03 0
0.04 0
0.05 0
0.06 0
0.07 0
0.08 0
0.09 0
0.1 0
0.11 0
0.12 0
0.13 0
0.14 0
0.15 0
0.16 0
0.17 0
0.18 0
0.19 0
0.2 0
0.21 0
0.22 0
0.23 0
0.24 0
0.25 0
0.26 0
0.27 0
0.28 0
0.29 0
0.3 0
0.31 0
0.32 0
0.33 0
0.34 0
0.35 0
0.36 0
0.37 0
0.38 0
0.39 0
0.4 0
0.41 0
0.42 0
0.43 0
0.44 0
0.45 0
0.46 0
0.47 0
0.48 0
0.49 0
0.5 0
0.51 0
0.52 0
0.53 0
0.54 0
0.55 0
0.56 0
0.57 0
0.58 0
0.59 0
0.6 0
0.61 0
0.62 0
0.63 0
0.64 0
0.65 0
0.66 0
0.67 0
0.68 0
0.69 0
0.7 0
0.71 0
0.72 0
0.73 0
0.74 0
0.75 0
0.76 0
0.77 0
0.78 0
0.79 0
0.8 0
0.81 0
0.82 0
0.83 0
0.84 0
0.85 0
0.86 0
0.87 0
0.88 0
0.89 0
0.9 0
0.91 0
0.92 0
0.93 0
0.94 0
0.95 0
0.96 0
0.97 0
0.98 0
0.99 0
1 0
1.01 0
1.02 0
1.03 0
1.04 0
1.05 0
1.06 0
1.07 0
1.08 1.97626e-323
1.09 1.71441e-321
1.1 1.28492e-319
1.11 9.07411e-318
1.12 6.04007e-316
1.13 3.7935e-314
1.14 2.25031e-312
1.15 1.26207e-310
1.16 6.69856e-309
1.17 3.36784e-307
1.18 1.60543e-305
1.19 7.26264e-304
1.2 3.12061e-302
1.21 1.27467e-300
1.22 4.95369e-299
1.23 1.83312e-297
1.24 6.46432e-296
1.25 2.17403e-294
1.26 6.9782e-293
1.27 2.13934e-291
1.28 6.26882e-290
1.29 1.75698e-288
1.3 4.71329e-287
1.31 1.211e-285
1.32 2.98207e-284
1.33 7.04237e-283
1.34 1.59596e-281
1.35 3.4729e-280
1.36 7.26089e-279
1.37 1.45938e-277
1.38 2.82151e-276
1.39 5.2501e-275
1.4 9.40734e-274
1.41 1.6241e-272
1.42 2.70292e-271
1.43 4.33863e-270
1.44 6.72031e-269
1.45 1.00498e-267
1.46 1.45166e-266
1.47 2.02639e-265
1.48 2.73481e-264
1.49 3.57007e-263
1.5 4.50989e-262
1.51 5.51548e-261
1.52 6.53304e-260
1.53 7.49797e-259
1.54 8.34156e-258
1.55 8.99913e-257
1.56 9.41837e-256
1.57 9.56624e-255
1.58 9.43326e-254
1.59 9.03441e-253
1.6 8.40649e-252
1.61 7.60259e-251
1.62 6.6849e-250
1.63 5.71694e-249
1.64 4.75681e-248
1.65 3.8521e-247
1.66 3.03703e-246
1.67 2.33191e-245
1.68 1.7443e-244
1.69 1.27149e-243
1.7 9.03483e-243
1.71 6.25996e-242
1.72 4.23054e-241
1.73 2.78945e-240
1.74 1.79499e-239
1.75 1.12758e-238
1.76 6.91666e-238
1.77 4.14404e-237
1.78 2.42575e-236
1.79 1.38763e-235
1.8 7.75929e-235
1.81 4.24226e-234
1.82 2.26835e-233
1.83 1.18649e-232
1.84 6.07242e-232
1.85 3.04166e-231
1.86 1.49145e-230
1.87 7.16066e-230
1.88 3.36701e-229
1.89 1.55088e-228
1.9 6.99922e-228
1.91 3.09564e-227
1.92 1.34206e-226
1.93 5.70434e-226
1.94 2.3776e-225
1.95 9.71988e-225
1.96 3.89813e-224
1.97 1.53395e-223
1.98 5.92387e-223
1.99 2.24556e-222
2 8.357e-222
2.01 3.05394e-221
2.02 1.09606e-220
2.03 3.8641e-220
2.04 1.33838e-219
2.05 4.55515e-219
2.06 1.52368e-218
2.07 5.00982e-218
2.08 1.61943e-217
2.09 5.14736e-217
2.1 1.60901e-216
2.11 4.94713e-216
2.12 1.49636e-215
2.13 4.45324e-215
2.14 1.30418e-214
2.15 3.75911e-214
2.16 1.06655e-213
2.17 2.97917e-213
2.18 8.19377e-213
2.19 2.21927e-212
2.2 5.9202e-212
2.21 1.55568e-211
2.22 4.02738e-211
2.23 1.02731e-210
2.24 2.58233e-210
2.25 6.39753e-210
2.26 1.56228e-209
2.27 3.76104e-209
2.28 8.92715e-209
2.29 2.08943e-208
2.3 4.82285e-208
2.31 1.09798e-207
2.32 2.46578e-207
2.33 5.46299e-207
2.34 1.19419e-206
2.35 2.57595e-206
2.36 5.48361e-206
2.37 1.15216e-205
2.38 2.38957e-205
2.39 4.89259e-205
2.4 9.89044e-205
2.41 1.97422e-204
2.42 3.89156e-204
2.43 7.57611e-204
2.44 1.45682e-203
2.45 2.76726e-203
2.46 5.19301e-203
2.47 9.62843e-203
2.48 1.76402e-202
2.49 3.19376e-202
2.5 5.71473e-202
2.51 1.0107e-201
2.52 1.76695e-201
2.53 3.05381e-201
2.54 5.2181e-201
2.55 8.81608e-201
2.56 1.47289e-200
2.57 2.43351e-200
2.58 3.97651e-200
2.59 6.42711e-200
2.6 1.02756e-199
2.61 1.62525e-199
2.62 2.54321e-199
2.63 3.9376e-199
2.64 6.0326e-199
2.65 9.14608e-199
2.66 1.37233e-198
2.67 2.038e-198
2.68 2.99579e-198
2.69 4.35922e-198
2.7 6.2796e-198
2.71 8.95595e-198
2.72 1.26468e-197
2.73 1.76836e-197
2.74 2.44856e-197
2.75 3.35765e-197
2.76 4.5601e-197
2.77 6.13417e-197
2.78 8.17356e-197
2.79 1.07887e-196
2.8 1.41079e-196
2.81 1.82774e-196
2.82 2.34616e-196
2.83 2.98415e-196
2.84 3.76123e-196
2.85 4.69801e-196
2.86 5.81568e-196
2.87 7.13536e-196
2.88 8.67736e-196
2.89 1.04603e-195
2.9 1.24999e-195
2.91 1.48083e-195
2.92 1.73927e-195
2.93 2.02541e-195
2.94 2.33869e-195
2.95 2.67775e-195
2.96 3.04039e-195
2.97 3.42353e-195
2.98 3.82322e-195
2.99 4.23468e-195
3 4.65232e-195
3.01 5.06992e-195
3.02 5.48073e-195
3.03 5.87765e-195
3.04 6.25347e-195
3.05 6.60104e-195
3.06 6.91354e-195
3.07 7.18467e-195
3.08 7.40892e-195
3.09 7.58167e-195
3.1 7.69944e-195
3.11 7.75994e-195
3.12 7.7622e-195
3.13 7.70653e-195
3.14 7.59454e-195
3.15 7.42903e-195
3.16 7.21394e-195
3.17 6.95413e-195
3.18 6.65521e-195
3.19 6.32339e-195
3.2 5.96523e-195
3.21 5.58744e-195
3.22 5.19667e-195
3.23 4.79938e-195
3.24 4.40159e-195
3.25 4.00883e-195
3.26 3.62601e-195
3.27 3.25733e-195
3.28 2.90625e-195
3.29 2.5755e-195
3.3 2.26707e-195
3.31 1.98226e-195
3.32 1.72174e-195
3.33 1.4856e-195
3.34 1.27345e-195
3.35 1.08448e-195
3.36 9.17574e-196
3.37 7.71359e-196
3.38 6.44294e-196
3.39 5.34737e-196
3.4 4.41003e-196
3.41 3.61414e-196
3.42 2.94337e-196
3.43 2.3822e-196
3.44 1.91611e-196
3.45 1.53174e-196
3.46 1.21701e-196
3.47 9.6107e-197
3.48 7.54376e-197
3.49 5.88581e-197
3.5 4.56483e-197
3.51 3.51933e-197
3.52 2.69727e-197
3.53 2.0551e-197
3.54 1.55669e-197
3.55 1.17232e-197
3.56 8.77758e-198
3.57 6.53441e-198
3.58 4.83676e-198
3.59 3.55985e-198
3.6 2.60527e-198
3.61 1.89597e-198
3.62 1.37208e-198
3.63 9.87443e-199
3.64 7.06711e-199
3.65 5.03017e-199
3.66 3.56079e-199
3.67 2.50696e-199
3.68 1.75548e-199
3.69 1.22267e-199
3.7 8.47024e-200
3.71 5.83673e-200
3.72 4.00077e-200
3.73 2.72791e-200
3.74 1.85029e-200
3.75 1.2485e-200
3.76 8.38076e-201
3.77 5.5968e-201
3.78 3.7185e-201
3.79 2.458e-201
3.8 1.61655e-201
3.81 1.05781e-201
3.82 6.88718e-202
3.83 4.46177e-202
3.84 2.87617e-202
3.85 1.84491e-202
3.86 1.1776e-202
3.87 7.47994e-203
3.88 4.72806e-203
3.89 2.97417e-203
3.9 1.8619e-203
3.91 1.16002e-203
3.92 7.19286e-204
3.93 4.43894e-204
3.94 2.72651e-204
3.95 1.66684e-204
3.96 1.01427e-204
3.97 6.14318e-205
3.98 3.7036e-205
3.99 2.22257e-205
4 1.3277e-205
4.01 7.89523e-206
4.02 4.6737e-206
4.03 2.75421e-206
4.04 1.61579e-206
4.05 9.43697e-207
4.06 5.48719e-207
4.07 3.17649e-207
4.08 1.83076e-207
4.09 1.05055e-207
4.1 6.00215e-208
4.11 3.4144e-208
4.12 1.93396e-208
4.13 1.09073e-208
4.14 6.1253e-209
4.15 3.42525e-209
4.16 1.9073e-209
4.17 1.05759e-209
4.18 5.83972e-210
4.19 3.21112e-210
4.2 1.7584e-210
4.21 9.58922e-211
4.22 5.2079e-211
4.23 2.81686e-211
4.24 1.51739e-211
4.25 8.14084e-212
4.26 4.34998e-212
4.27 2.31506e-212
4.28 1.22715e-212
4.29 6.47901e-213
4.3 3.4072e-213
4.31 1.78474e-213
4.32 9.31208e-214
4.33 4.83975e-214
4.34 2.50559e-214
4.35 1.29216e-214
4.36 6.63819e-215
4.37 3.39717e-215
4.38 1.73192e-215
4.39 8.79604e-216
4.4 4.45045e-216
4.41 2.24329e-216
4.42 1.12652e-216
4.43 5.63601e-217
4.44 2.80926e-217
4.45 1.3951e-217
4.46 6.90272e-218
4.47 3.40286e-218
4.48 1.67141e-218
4.49 8.17982e-219
4.5 3.98873e-219
4.51 1.93804e-219
4.52 9.3828e-220
4.53 4.52641e-220
4.54 2.17587e-220
4.55 1.04226e-220
4.56 4.97494e-221
4.57 2.36635e-221
4.58 1.12164e-221
4.59 5.29807e-222
4.6 2.49391e-222
4.61 1.16989e-222
4.62 5.46919e-223
4.63 2.5481e-223
4.64 1.18313e-223
4.65 5.47493e-224
4.66 2.52499e-224
4.67 1.1606e-224
4.68 5.31686e-225
4.69 2.42762e-225
4.7 1.10476e-225
4.71 5.01098e-226
4.72 2.26542e-226
4.73 1.02083e-226
4.74 4.58506e-227
4.75 2.0527e-227
4.76 9.16018e-228
4.77 4.0746e-228
4.78 1.80665e-228
4.79 7.98505e-229
4.8 3.51804e-229
4.81 1.54508e-229
4.82 6.76444e-230
4.83 2.95223e-230
4.84 1.28443e-230
4.85 5.57085e-231
4.86 2.40871e-231
4.87 1.03827e-231
4.88 4.46166e-232
4.89 1.91142e-232
4.9 8.16377e-233
4.91 3.47622e-233
4.92 1.47574e-233
4.93 6.24605e-234
4.94 2.63571e-234
4.95 1.1089e-234
4.96 4.65153e-235
4.97 1.94541e-235
4.98 8.11235e-236
4.99 3.37291e-236
5 1.39827e-236
5.01 5.77977e-237
5.02 2.38215e-237
5.03 9.78974e-238
5.04 4.01164e-238
5.05 1.63918e-238
5.06 6.67867e-239
5.07 2.71341e-239
5.08 1.09929e-239
5.09 4.44098e-240
5.1 1.78906e-240
5.11 7.1871e-241
5.12 2.87919e-241
5.13 1.15021e-241
5.14 4.5823e-242
5.15 1.8205e-242
5.16 7.21281e-243
5.17 2.8499e-243
5.18 1.12297e-243
5.19 4.41295e-244
5.2 1.72947e-244
5.21 6.75969e-245
5.22 2.63496e-245
5.23 1.02438e-245
5.24 3.9718e-246
5.25 1.5359e-246
5.26 5.92364e-247
5.27 2.27861e-247
5.28 8.74203e-248
5.29 3.34517e-248
5.3 1.27671e-248
5.31 4.86006e-249
5.32 1.8453e-249
5.33 6.98832e-250
5.34 2.63976e-250
5.35 9.94595e-251
5.36 3.73785e-251
5.37 1.40119e-251
5.38 5.23927e-252
5.39 1.95413e-252
5.4 7.27018e-253
5.41 2.69806e-253
5.42 9.98793e-254
5.43 3.68827e-254
5.44 1.35861e-254
5.45 4.99228e-255
5.46 1.82994e-255
5.47 6.69131e-256
5.48 2.44078e-256
5.49 8.8816e-257
5.5 3.22406e-257
5.51 1.16753e-257
5.52 4.21786e-258
5.53 1.52012e-258
5.54 5.46544e-259
5.55 1.96039e-259
5.56 7.01506e-260
5.57 2.50436e-260
5.58 8.91952e-261
5.59 3.16934e-261
5.6 1.12353e-261
5.61 3.97364e-262
5.62 1.40213e-262
5.63 4.93611e-263
5.64 1.73373e-263
5.65 6.07554e-264
5.66 2.1242e-264
5.67 7.41001e-265
5.68 2.57903e-265
5.69 8.95597e-266
5.7 3.10307e-266
5.71 1.07274e-266
5.72 3.70023e-267
5.73 1.27348e-267
5.74 4.37315e-268
5.75 1.49842e-268
5.76 5.12292e-269
5.77 1.74761e-269
5.78 5.94871e-270
5.79 2.02047e-270
5.8 6.84759e-271
5.81 2.3157e-271
5.82 7.81426e-272
5.83 2.63123e-272
5.84 8.84096e-273
5.85 2.96423e-273
5.86 9.9174e-274
5.87 3.31103e-274
5.88 1.10308e-274
5.89 3.66723e-275
5.9 1.21662e-275
5.91 4.02776e-276
5.92 1.33066e-276
5.93 4.38696e-277
5.94 1.44332e-277
5.95 4.73873e-278
5.96 1.55263e-278
5.97 5.07672e-279
5.98 1.65657e-279
5.99 5.3945e-280
6 1.75311e-280
