0 inf
0.01 inf
0.02 inf
0.03 inf
0.04 inf
0.05 inf
0.06 inf
0.07 inf
0.08 inf
0.09 inf
0.1 inf
0.11 inf
0.12 inf
0.13 inf
0.14 inf
0.15 inf
0.16 inf
0.17 inf
0.18 inf
0.19 inf
0.2 inf
0.21 inf
0.22 inf
0.23 inf
0.24 inf
0.25 inf
0.26 inf
0.27 inf
0.28 inf
0.29 inf
0.3 inf
0.31 inf
0.32 inf
0.33 inf
0.34 inf
0.35 inf
0.36 inf
0.37 inf
0.38 inf
0.39 inf
0.4 inf
0.41 inf
0.42 inf
0.43 inf
0.44 inf
0.45 inf
0.46 inf
0.47 inf
0.48 inf
0.49 inf
0.5 inf
0.51 inf
0.52 inf
0.53 inf
0.54 inf
0.55 inf
0.56 inf
0.57 inf
0.58 inf
0.59 inf
0.6 inf
0.61 inf
0.62 inf
0.63 inf
0.64 inf
0.65 inf
0.66 inf
0.67 inf
0.68 inf
0.69 inf
0.7 inf
0.71 inf
0.72 inf
0.73 inf
0.74 inf
0.75 inf
0.76 inf
0.77 inf
0.78 inf
0.79 inf
0.8 inf
0.81 inf
0.82 inf
0.83 inf
0.84 inf
0.85 inf
0.86 inf
0.87 inf
0.88 inf
0.89 inf
0.9 inf
0.91 inf
0.92 inf
0.93 inf
0.94 inf
0.95 inf
0.96 inf
0.97 inf
0.98 inf
0.99 inf
1 inf
1.01 inf
1.02 inf
1.03 inf
1.04 inf
1.05 inf
1.06 inf
1.07 inf
1.08 1486.11
1.09 1477.18
1.1 1468.55
1.11 1460.03
1.12 1451.64
1.13 1443.36
1.14 1435.19
1.15 1427.14
1.16 1419.19
1.17 1411.36
1.18 1403.63
1.19 1396.01
1.2 1388.49
1.21 1381.07
1.22 1373.75
1.23 1366.52
1.24 1359.4
1.25 1352.37
1.26 1345.43
1.27 1338.58
1.28 1331.83
1.29 1325.16
1.3 1318.58
1.31 1312.09
1.32 1305.68
1.33 1299.36
1.34 1293.12
1.35 1286.96
1.36 1280.88
1.37 1274.88
1.38 1268.95
1.39 1263.11
1.4 1257.33
1.41 1251.64
1.42 1246.01
1.43 1240.46
1.44 1234.98
1.45 1229.57
1.46 1224.23
1.47 1218.96
1.48 1213.75
1.49 1208.61
1.5 1203.54
1.51 1198.53
1.52 1193.59
1.53 1188.71
1.54 1183.89
1.55 1179.13
1.56 1174.44
1.57 1169.8
1.58 1165.22
1.59 1160.71
1.6 1156.24
1.61 1151.84
1.62 1147.49
1.63 1143.2
1.64 1138.96
1.65 1134.78
1.66 1130.65
1.67 1126.57
1.68 1122.55
1.69 1118.58
1.7 1114.65
1.71 1110.78
1.72 1106.96
1.73 1103.19
1.74 1099.47
1.75 1095.79
1.76 1092.16
1.77 1088.58
1.78 1085.05
1.79 1081.56
1.8 1078.12
1.81 1074.72
1.82 1071.37
1.83 1068.06
1.84 1064.79
1.85 1061.57
1.86 1058.39
1.87 1055.25
1.88 1052.16
1.89 1049.1
1.9 1046.09
1.91 1043.11
1.92 1040.18
1.93 1037.29
1.94 1034.43
1.95 1031.61
1.96 1028.84
1.97 1026.1
1.98 1023.39
1.99 1020.73
2 1018.1
2.01 1015.51
2.02 1012.95
2.03 1010.43
2.04 1007.95
2.05 1005.5
2.06 1003.08
2.07 1000.7
2.08 998.358
2.09 996.045
2.1 993.766
2.11 991.519
2.12 989.306
2.13 987.124
2.14 984.975
2.15 982.858
2.16 980.772
2.17 978.718
2.18 976.695
2.19 974.702
2.2 972.739
2.21 970.807
2.22 968.905
2.23 967.032
2.24 965.188
2.25 963.374
2.26 961.588
2.27 959.831
2.28 958.102
2.29 956.402
2.3 954.729
2.31 953.083
2.32 951.465
2.33 949.874
2.34 948.31
2.35 946.773
2.36 945.262
2.37 943.777
2.38 942.318
2.39 940.884
2.4 939.477
2.41 938.094
2.42 936.737
2.43 935.405
2.44 934.097
2.45 932.814
2.46 931.555
2.47 930.32
2.48 929.109
2.49 927.922
2.5 926.758
2.51 925.618
2.52 924.501
2.53 923.406
2.54 922.335
2.55 921.286
2.56 920.26
2.57 919.255
2.58 918.273
2.59 917.313
2.6 916.374
2.61 915.458
2.62 914.562
2.63 913.688
2.64 912.835
2.65 912.002
2.66 911.191
2.67 910.4
2.68 909.629
2.69 908.879
2.7 908.149
2.71 907.439
2.72 906.749
2.73 906.078
2.74 905.428
2.75 904.796
2.76 904.184
2.77 903.591
2.78 903.017
2.79 902.462
2.8 901.925
2.81 901.407
2.82 900.908
2.83 900.427
2.84 899.964
2.85 899.519
2.86 899.092
2.87 898.683
2.88 898.292
2.89 897.918
2.9 897.562
2.91 897.223
2.92 896.901
2.93 896.597
2.94 896.309
2.95 896.038
2.96 895.784
2.97 895.547
2.98 895.326
2.99 895.122
3 894.933
3.01 894.762
3.02 894.606
3.03 894.466
3.04 894.342
3.05 894.234
3.06 894.141
3.07 894.064
3.08 894.003
3.09 893.957
3.1 893.926
3.11 893.91
3.12 893.91
3.13 893.924
3.14 893.953
3.15 893.997
3.16 894.056
3.17 894.13
3.18 894.217
3.19 894.32
3.2 894.436
3.21 894.567
3.22 894.712
3.23 894.871
3.24 895.044
3.25 895.231
3.26 895.432
3.27 895.646
3.28 895.874
3.29 896.116
3.3 896.371
3.31 896.64
3.32 896.922
3.33 897.217
3.34 897.525
3.35 897.846
3.36 898.18
3.37 898.527
3.38 898.887
3.39 899.26
3.4 899.646
3.41 900.044
3.42 900.454
3.43 900.877
3.44 901.313
3.45 901.761
3.46 902.221
3.47 902.693
3.48 903.177
3.49 903.673
3.5 904.182
3.51 904.702
3.52 905.234
3.53 905.778
3.54 906.333
3.55 906.901
3.56 907.479
3.57 908.07
3.58 908.671
3.59 909.284
3.6 909.909
3.61 910.544
3.62 911.191
3.63 911.849
3.64 912.518
3.65 913.198
3.66 913.889
3.67 914.591
3.68 915.303
3.69 916.027
3.7 916.761
3.71 917.506
3.72 918.261
3.73 919.027
3.74 919.803
3.75 920.59
3.76 921.387
3.77 922.195
3.78 923.013
3.79 923.841
3.8 924.679
3.81 925.527
3.82 926.385
3.83 927.253
3.84 928.131
3.85 929.02
3.86 929.917
3.87 930.825
3.88 931.743
3.89 932.67
3.9 933.606
3.91 934.553
3.92 935.509
3.93 936.474
3.94 937.449
3.95 938.433
3.96 939.426
3.97 940.429
3.98 941.441
3.99 942.463
4 943.493
4.01 944.533
4.02 945.581
4.03 946.639
4.04 947.705
4.05 948.781
4.06 949.865
4.07 950.959
4.08 952.061
4.09 953.172
4.1 954.291
4.11 955.419
4.12 956.556
4.13 957.702
4.14 958.856
4.15 960.018
4.16 961.189
4.17 962.369
4.18 963.556
4.19 964.753
4.2 965.957
4.21 967.17
4.22 968.391
4.23 969.62
4.24 970.857
4.25 972.102
4.26 973.356
4.27 974.617
4.28 975.887
4.29 977.164
4.3 978.449
4.31 979.743
4.32 981.044
4.33 982.353
4.34 983.669
4.35 984.994
4.36 986.326
4.37 987.666
4.38 989.013
4.39 990.368
4.4 991.731
4.41 993.101
4.42 994.478
4.43 995.864
4.44 997.256
4.45 998.656
4.46 1000.06
4.47 1001.48
4.48 1002.9
4.49 1004.33
4.5 1005.77
4.51 1007.21
4.52 1008.66
4.53 1010.12
4.54 1011.58
4.55 1013.05
4.56 1014.53
4.57 1016.02
4.58 1017.51
4.59 1019.01
4.6 1020.52
4.61 1022.03
4.62 1023.55
4.63 1025.08
4.64 1026.62
4.65 1028.16
4.66 1029.71
4.67 1031.26
4.68 1032.82
4.69 1034.39
4.7 1035.96
4.71 1037.55
4.72 1039.13
4.73 1040.73
4.74 1042.33
4.75 1043.94
4.76 1045.55
4.77 1047.17
4.78 1048.8
4.79 1050.43
4.8 1052.07
4.81 1053.71
4.82 1055.37
4.83 1057.02
4.84 1058.69
4.85 1060.36
4.86 1062.04
4.87 1063.72
4.88 1065.41
4.89 1067.1
4.9 1068.81
4.91 1070.51
4.92 1072.23
4.93 1073.95
4.94 1075.67
4.95 1077.4
4.96 1079.14
4.97 1080.88
4.98 1082.63
4.99 1084.39
5 1086.15
5.01 1087.92
5.02 1089.69
5.03 1091.47
5.04 1093.25
5.05 1095.04
5.06 1096.84
5.07 1098.64
5.08 1100.45
5.09 1102.26
5.1 1104.08
5.11 1105.9
5.12 1107.73
5.13 1109.57
5.14 1111.41
5.15 1113.25
5.16 1115.1
5.17 1116.96
5.18 1118.82
5.19 1120.69
5.2 1122.57
5.21 1124.44
5.22 1126.33
5.23 1128.22
5.24 1130.11
5.25 1132.01
5.26 1133.92
5.27 1135.83
5.28 1137.75
5.29 1139.67
5.3 1141.59
5.31 1143.53
5.32 1145.46
5.33 1147.4
5.34 1149.35
5.35 1151.3
5.36 1153.26
5.37 1155.22
5.38 1157.19
5.39 1159.16
5.4 1161.14
5.41 1163.12
5.42 1165.11
5.43 1167.1
5.44 1169.1
5.45 1171.1
5.46 1173.11
5.47 1175.12
5.48 1177.14
5.49 1179.16
5.5 1181.19
5.51 1183.22
5.52 1185.26
5.53 1187.3
5.54 1189.34
5.55 1191.39
5.56 1193.45
5.57 1195.51
5.58 1197.57
5.59 1199.64
5.6 1201.72
5.61 1203.8
5.62 1205.88
5.63 1207.97
5.64 1210.06
5.65 1212.16
5.66 1214.26
5.67 1216.36
5.68 1218.48
5.69 1220.59
5.7 1222.71
5.71 1224.83
5.72 1226.96
5.73 1229.1
5.74 1231.23
5.75 1233.38
5.76 1235.52
5.77 1237.67
5.78 1239.83
5.79 1241.99
5.8 1244.15
5.81 1246.32
5.82 1248.49
5.83 1250.67
5.84 1252.85
5.85 1255.04
5.86 1257.23
5.87 1259.42
5.88 1261.62
5.89 1263.82
5.9 1266.03
5.91 1268.24
5.92 1270.46
5.93 1272.67
5.94 1274.9
5.95 1277.13
5.96 1279.36
5.97 1281.59
5.98 1283.83
5.99 1286.08
6 1288.32
